2016  1  1  0.623
2016  1  2 -0.984
2016  1  3 -1.772
2016  1  4 -2.062
2016  1  5 -2.393
2016  1  6 -2.287
2016  1  7 -2.530
2016  1  8 -2.954
2016  1  9 -3.546
2016  1 10 -3.525
2016  1 11 -3.530
2016  1 12 -3.585
2016  1 13 -3.451
2016  1 14 -3.544
2016  1 15 -4.004
2016  1 16 -4.898
2016  1 17 -4.554
2016  1 18 -3.938
2016  1 19 -2.918
2016  1 20 -1.757
2016  1 21 -1.066
2016  1 22 -0.236
2016  1 23 -0.085
2016  1 24 -0.358
2016  1 25 -0.046
2016  1 26  1.146
2016  1 27  2.390
2016  1 28  3.309
2016  1 29  3.815
2016  1 30  3.043
2016  1 31  2.381